Elbow_Cylinder: 15531.195 mm^3 (Relative Error = 0.991061%)
Upper_Arm_Rod: 11636.184 mm^3 (Relative Error = 0.339008%)
Lower_Arm_Rod: 11636.184 mm^3 (Relative Error = 0.339008%)
Bicep_Motor: 48120.569 mm^3 (Relative Error = 0.093418%)
UpperElbowV1: 18076.156 mm^3 (Relative Error = 0.853393%)
Motor_Pathing_Ball: 12064.418 mm^3 (Relative Error = 0.008968%)
Shoulder_Ball: 25433.433 mm^3 (Relative Error = 0.854790%)
Shoulder_Socket: 30773.741 mm^3 (Relative Error = 0.921686%)
Motor_Pathing_Socket: 5844.652 mm^3 (Relative Error = 0.001538%)
